     1767112101              祝越军         0         0         0
     1767112102              王国庆         0         0         0
     1767112202              张芦潇         0         0         0
     1767130101                李伟         0         0         0
     1767130201                王威         0         0         0
     1767118101              张浩宇         0         0         0
     1767118102                唐海         0         0         0
     1767118201                胡安         0         0         0
     1767111101                王成         0         0         0
     1767111201                郑岩         0         0         0
     1767165101                董浩         0         0         0
     1767165102              李荣澳         0         0         0
     1767165201              王大海         0         0         0
     1767159101                张伟         0         0         0
     1767159201              谢承霖         0         0         0
     1767119101                端政         0         0         0
     1767119102                马兵         0         0         0
     1767119201              王化东         0         0         0
     1767106101              郑守琪         0         0         0
     1767106201              葛广辉         0         0         0
     1767130102              吴仕炜         0         0         0
     1767130202              叶艺升         0         0         0
     1767106102                余镔         0         0         0
     1767106301              兰愈鑫         0         0         0
     1767118134                伏慧         0         0         0
     1767118202              王伟民         0         0         0
     1767165103                杨刚         0         0         0
     1767165202              王志永         0         0         0
     1767159102              曾耀宗         0         0         0
     1767159202              范德旺         0         0         0
     1767112103              韩毅戬         0         0         0
     1767112203                唐松         0         0         0
     1767112204              汪雨坤         0         0         0
     1767130103              葛振宇         0         0         0
     1767130203              邝炜健         0         0         0
     1767118103                刘坚         0         0         0
     1767118203              韩鑫宏         0         0         0
     1767111102              翁少东         0         0         0
     1767111130              张芝君         0         0         0
     1767111202              邝智斌         0         0         0
     1767165104              姜子欧         0         0         0
     1767165203              严崇斌         0         0         0
     1767165204              吕泽斌         0         0         0
     1767106202              叶光宇         0         0         0
     1767106302              温添仕         0         0         0
     1767130104                杨龙         0         0         0
     1767130204              罗鸿辉         0         0         0
     1767118135              韦蒙智         0         0         0
     1767118233              温砚钧         0         0         0
     1767111103              周高源         0         0         0
     1767111203              韦克同         0         0         0
     1767112104              赵佳寅         0         0         0
     1767112105                石磊         0         0         0
     1767112205              申立新         0         0         0
     1767112206                庞瑞         0         0         0
     1767130105              金凌志         0         0         0
     1767130205                田健         0         0         0
     1767118104              申果果         0         0         0
     1767118204              王福彪         0         0         0
     1767159103                陶政         0         0         0
     1767159203              何华明         0         0         0
     1767106103              陈玉飞         0         0         0
     1767106203              孙帝洪         0         0         0
     1767165105              林明旺         0         0         0
     1767165205              蒙绪城         0         0         0
     1767119103              李国海         0         0         0
     1767119202              李齐保         0         0         0
     1767112106              焦朋超         0         0         0
     1767112207                尚泽         0         0         0
     1767112238              张露雨         0         0         0
     1767130106                李强         0         0         0
     1767130206              侯晓峰         0         0         0
     1767118105              刘梓峰         0         0         0
     1767118106              郝宇恒         0         0         0
     1767118205              孟凡硕         0         0         0
     1767118234              席超颖         0         0         0
     1767111104              武少磊         0         0         0
     1767111131                刘莹         0         0         0
     1767111230              孙晓萌         0         0         0
     1767165106              张旭峰         0         0         0
     1767165206              李成林         0         0         0
     1767159104              张甲宝         0         0         0
     1767159105              胡英男         0         0         0
     1767159204              孙腾宇         0         0         0
     1767119104              孙博智         0         0         0
     1767119131              孙素倩         0         0         0
     1767119203              贺世超         0         0         0
     1767119204              孟德明         0         0         0
     1767106104              张舜禹         0         0         0
     1767106105              董旭泽         0         0         0
     1767106204              徐少威         0         0         0
     1767106205              李兴振         0         0         0
     1767106237              高天琪         0         0         0
     1767106303              顾一飞         0         0         0
     1767106304              王慧云         0         0         0
     1767106305              郑少秋         0         0         0
     1767106337                高歌         0         0         0
     1767130107                薛爽         0         0         0
     1767130235                王璐         0         0         0
     1767118107              刘志强         0         0         0
     1767118206              范亚龙         0         0         0
     1767111105              夏俊禹         0         0         0
     1767111204              石泽钊         0         0         0
     1767165107              连哲鑫         0         0         0
     1767165108              王乾飞         0         0         0
     1767165109              谢恩朝         0         0         0
     1767165207              袁晴轮         0         0         0
     1767165208              贾春鹏         0         0         0
     1767159106              刘岳锋         0         0         0
     1767159205                黄贺         0         0         0
     1767159206              付永波         0         0         0
     1767119105              吴龙帅         0         0         0
     1767119231              冯佳t         0         0         0
     1767106106                王磊         0         0         0
     1767106138              王婷婷         0         0         0
     1767106206              赵臣哲         0         0         0
     1767106306              刘松峰         0         0         0
     1767159107              孙润朋         0         0         0
     1767159207              张天坤         0         0         0
     1767106107                蔡旭         0         0         0
     1767106238                谭贺         0         0         0
     1767130136              覃康朔         0         0         0
     1767130207                冉杨         0         0         0
     1767118108                陶林         0         0         0
     1767118207              黄英杰         0         0         0
     1767159108              陈伟杰         0         0         0
     1767159208              牟汉兵         0         0         0
     1767119106              蔡皓宇         0         0         0
     1767119205              汪煜昊         0         0         0
     1767112107              苗宇航         0         0         0
     1767112208              黄海星         0         0         0
     1767130108                李俊         0         0         0
     1767130208                谢鹏         0         0         0
     1767111106                欧龙         0         0         0
     1767111205              李桂林         0         0         0
     1767165110                柳腾         0         0         0
     1767165209              罗子骏         0         0         0
     1767165210                江帅         0         0         0
     1767159109                方俊         0         0         0
     1767159110                杜凡         0         0         0
     1767159209              黄明人         0         0         0
     1767119107                王鹏         0         0         0
     1767119206              陈佳豪         0         0         0
     1767106207              陈小林         0         0         0
     1767106307              阳零星         0         0         0
     1767130109              裴士超         0         0         0
     1767130209              张宇航         0         0         0
     1767111132                何月         0         0         0
     1767111231              刘昭希         0         0         0
     1767119132              王宇琪         0         0         0
     1767119207              马钰彭         0         0         0
     1767130110              潘志纬         0         0         0
     1767130210              朱彦达         0         0         0
     1767118208              李浩楠         0         0         0
     1767111107                顾平         0         0         0
     1767111206              杜立笙         0         0         0
     1767111207                沈阳         0         0         0
     1767159111              王俊伟         0         0         0
     1767159210              李鹏飞         0         0         0
     1767159211              韩青华         0         0         0
     1767119108              戴路尧         0         0         0
     1767119208              王子鹤         0         0         0
     1767112108              常家睿         0         0         0
     1767112109              程先寿         0         0         0
     1767112209                杜午         0         0         0
     1767130111              江福庆         0         0         0
     1767130211              钟草茂         0         0         0
     1767159112                刘洋         0         0         0
     1767159212                万俊         0         0         0
     1767119109              倪智涛         0         0         0
     1767119209                许盼         0         0         0
     1767106108                黄鑫         0         0         0
     1767106208              吕海彬         0         0         0
     1767118136              战庆一         0         0         0
     1767118235              宋宁         0         0         0
     1767111108              刘荣基         0         0         0
     1767111232              周文颖         0         0         0
     1767112110                王彬         0         0         0
     1767112111              柴凯中         0         0         0
     1767112112              段晓荣         0         0         0
     1767112113                赵凯         0         0         0
     1767112114              李永琦         0         0         0
     1767112115                杨洋         0         0         0
     1767112116              王宗阳         0         0         0
     1767112117              张广珊         0         0         0
     1767112118              李朝用         0         0         0
     1767112119              刘东旭         0         0         0
     1767112120              孙太江         0         0         0
     1767112121                刘鑫         0         0         0
     1767112122                付睿         0         0         0
     1767112123              焦宝超         0         0         0
     1767112124                徐然         0         0         0
     1767112125                李坤         0         0         0
     1767112126              王永光         0         0         0
     1767112127                常登         0         0         0
     1767112128                张鑫         0         0         0
     1767112129                刘昆         0         0         0
     1767112130                王恒         0         0         0
     1767112137                云磊         0         0         0
     1767112138              王静茹         0         0         0
     1767112139              张荣荣         0         0         0
     1767112140              郭晓宇         0         0         0
     1767112141                何悦         0         0         0
     1767112201                王彬         0         0         0
     1767112210              刘晓东         0         0         0
     1767112211              贾宇星         0         0         0
     1767112212                白俊         0         0         0
     1767112213                程鑫         0         0         0
     1767112214              高培文         0         0         0
     1767112215              孙立涛         0         0         0
     1767112216                吕涛         0         0         0
     1767112217                曹旭         0         0         0
     1767112218                李爽         0         0         0
     1767112219              韩岩松         0         0         0
     1767112220                张贺         0         0         0
     1767112221              田雨欣         0         0         0
     1767112222                王j         0         0         0
     1767112223              高霄峰         0         0         0
     1767112224                王雷         0         0         0
     1767112225              王永亮         0         0         0
     1767112226              王浩宇         0         0         0
     1767112227              刘红伟         0         0         0
     1767112228                刘旭         0         0         0
     1767112229              刘瑞林         0         0         0
     1767112230              高雄风         0         0         0
     1767112231              卢雨顺         0         0         0
     1767112232              胡东奇         0         0         0
     1767112239              董瑞琳         0         0         0
     1767112240              孙晨凡         0         0         0
     1767112241                逯瑶         0         0         0
     1767112242                任乐         0         0         0
     1767130112                王烁         0         0         0
     1767130113                常帅         0         0         0
     1767130114              王志龙         0         0         0
     1767130115              孙文龙         0         0         0
     1767130116              王立鑫         0         0         0
     1767130117              李腾达         0         0         0
     1767130118              车树雨         0         0         0
     1767130119              毕海洋         0         0         0
     1767130120              刘昱龙         0         0         0
     1767130121                李磊         0         0         0
     1767130122                陈伟         0         0         0
     1767130123                邱楚         0         0         0
     1767130124              郭子健         0         0         0
     1767130125                生赫         0         0         0
     1767130126              吴海广         0         0         0
     1767130127                张磊         0         0         0
     1767130128              张睿哲         0         0         0
     1767130129              王佳楠         0         0         0
     1767130130              武俊峰         0         0         0
     1767130131              贾宇龙         0         0         0
     1767130137              李新华         0         0         0
     1767130138                赵欢         0         0         0
     1767130139                陈默         0         0         0
     1767130212                武祥         0         0         0
     1767130213              施文博         0         0         0
     1767130214                王旭         0         0         0
     1767130215              高晓飞         0         0         0
     1767130216                康宁         0         0         0
     1767130217              张彦鹏         0         0         0
     1767130218              邢艳彬         0         0         0
     1767130219              王晓宇         0         0         0
     1767130220              王相茏         0         0         0
     1767130221              刘董佳         0         0         0
     1767130222              许志伟         0         0         0
     1767130223              李仲蕴         0         0         0
     1767130224              王浩丞         0         0         0
     1767130225                茫来         0         0         0
     1767130226              郭志峰         0         0         0
     1767130227              万子洋         0         0         0
     1767130228                刘鹏         0         0         0
     1767130229                张霖         0         0         0
     1767130230              任怀宇         0         0         0
     1767130236              王慧敏         0         0         0
     1767130237              李明悦         0         0         0
     1767130238              何雯倩         0         0         0
     1767130239              鲁亚楠         0         0         0
     1767118109                张悦         0         0         0
     1767118110                王微         0         0         0
     1767118111                张乐         0         0         0
     1767118112              郝伟勋         0         0         0
     1767118113              陆大圆         0         0         0
     1767118114              高佳伟         0         0         0
     1767118115              李长兆         0         0         0
     1767118116              丛海涛         0         0         0
     1767118117              李海昱         0         0         0
     1767118118              丁学智         0         0         0
     1767118119              王宇轩         0         0         0
     1767118120              李陈昊         0         0         0
     1767118121              王佳乐         0         0         0
     1767118122                魏彪         0         0         0
     1767118123              高锦文         0         0         0
     1767118124              张全珍         0         0         0
     1767118125              张帅滨         0         0         0
     1767118126              葛鸿宇         0         0         0
     1767118137              李佳袁         0         0         0
     1767118138                蒙月         0         0         0
     1767118139              卢欣宇         0         0         0
     1767118140                王雪         0         0         0
     1767118141              杨素琴         0         0         0
     1767118142                刘博         0         0         0
     1767118209              王梓宇         0         0         0
     1767118210                弓茂         0         0         0
     1767118211              张铁男         0         0         0
     1767118212                王磊         0         0         0
     1767118213                郝凯         0         0         0
     1767118214              张连岳         0         0         0
     1767118215              张新禹         0         0         0
     1767118216                张朋         0         0         0
     1767118217                李云         0         0         0
     1767118218              刘欣禹         0         0         0
     1767118219                张宇         0         0         0
     1767118220                刘博         0         0         0
     1767118221              焦伟伟         0         0         0
     1767118222              梁鹏荣         0         0         0
     1767118223              赵乐敏         0         0         0
     1767118224                高林         0         0         0
     1767118236              何文静         0         0         0
     1767118237              张天颖         0         0         0
     1767118238              周立娜         0         0         0
     1767118239                师茹         0         0         0
     1767118240                刘婷         0         0         0
     1767111109              朱利军         0         0         0
     1767111110                梁爽         0         0         0
     1767111111              王冬冬         0         0         0
     1767111112              武天赐         0         0         0
     1767111113              王少杰         0         0         0
     1767111114              郝宏扬         0         0         0
     1767111115              肖泽宇         0         0         0
     1767111116              姜佟佟         0         0         0
     1767111117              王剑波         0         0         0
     1767111118                刘洋         0         0         0
     1767111119              狄泽波         0         0         0
     1767111120                翟志         0         0         0
     1767111121              罗富富         0         0         0
     1767111122              刘可寅         0         0         0
     1767111123                王震         0         0         0
     1767111133                闫瑾         0         0         0
     1767111134              吴振艳         0         0         0
     1767111135              宋宇冉         0         0         0
     1767111136                张鑫         0         0         0
     1767111137                宋爽         0         0         0
     1767111138                杨阳         0         0         0
     1767111139              卢富花         0         0         0
     1767111140              张志清         0         0         0
     1767111141              王雅乐         0         0         0
     1767111208              赵星宇         0         0         0
     1767111209              王佳星         0         0         0
     1767111210              皇甫懿         0         0         0
     1767111211              王文哲         0         0         0
     1767111212                李旭         0         0         0
     1767111213              杨鑫磊         0         0         0
     1767111214                陈昊         0         0         0
     1767111215                唐赫         0         0         0
     1767111216              代志敏         0         0         0
     1767111217              贾文磊         0         0         0
     1767111218                韩丰         0         0         0
     1767111219              孙国飞         0         0         0
     1767111220                赵旺         0         0         0
     1767111221              张海波         0         0         0
     1767111222              刘浩东         0         0         0
     1767111223                刘帅         0         0         0
     1767111233                白怡         0         0         0
     1767111234              姜超颖         0         0         0
     1767111235                杨雪         0         0         0
     1767111236              郭金超         0         0         0
     1767111237              武佳美         0         0         0
     1767111238              赵录录         0         0         0
     1767111239              李淑佳         0         0         0
     1767111240              任文慧         0         0         0
     1767165111              范国强         0         0         0
     1767165112                宋睿         0         0         0
     1767165113              范志敏         0         0         0
     1767165114                李春         0         0         0
     1767165115              罗俊杰         0         0         0
     1767165116                王进         0         0         0
     1767165117                李鹏         0         0         0
     1767165118                陈龙         0         0         0
     1767165119              侯宇欣         0         0         0
     1767165120              宋桂超         0         0         0
     1767165121              李凌浩         0         0         0
     1767165122                刘英         0         0         0
     1767165123              宋春杰         0         0         0
     1767165124              张春晖         0         0         0
     1767165125                关野         0         0         0
     1767165126                于洋         0         0         0
     1767165127              田建新         0         0         0
     1767165128                陈建         0         0         0
     1767165129                王博         0         0         0
     1767165130              史瑞祥         0         0         0
     1767165131              杨子民         0         0         0
     1767165132              王聚鹏         0         0         0
     1767165133              张腾飞         0         0         0
     1767165134              马金路         0         0         0
     1767165135              虎日生         0         0         0
     1767165142                孙宇         0         0         0
     1767165211              张宇昂         0         0         0
     1767165212                田阔         0         0         0
     1767165213              闫瑞冬         0         0         0
     1767165214              宋志国         0         0         0
     1767165215                茹鑫         0         0         0
     1767165216              李强强         0         0         0
     1767165217              张相龙         0         0         0
     1767165218              何丽伟         0         0         0
     1767165219              王星晨         0         0         0
     1767165220                华超         0         0         0
     1767165221              马明浩         0         0         0
     1767165222              邢海川         0         0         0
     1767165223              王新飞         0         0         0
     1767165224              张鼎皓         0         0         0
     1767165225              王书宇         0         0         0
     1767165226              刘云虎         0         0         0
     1767165227                安骅         0         0         0
     1767165228              袁鹏鹏         0         0         0
     1767165229              陈园园         0         0         0
     1767165230              班文江         0         0         0
     1767165231              刘镇荣         0         0         0
     1767165232              胡大卫         0         0         0
     1767165233                赵科         0         0         0
     1767165234              孟好东         0         0         0
     1767165235            苏要乐图         0         0         0
     1767159113              赵志勇         0         0         0
     1767159114                宋凯         0         0         0
     1767159115              刘好峰         0         0         0
     1767159116              杜泽涛         0         0         0
     1767159117              王金成         0         0         0
     1767159118              杨宇飞         0         0         0
     1767159119              王天亮         0         0         0
     1767159120              赵立鑫         0         0         0
     1767159121              孙鹏飞         0         0         0
     1767159122              盛永超         0         0         0
     1767159123              甄炳祥         0         0         0
     1767159124              滕怀贤         0         0         0
     1767159125                董皓         0         0         0
     1767159126              高春磊         0         0         0
     1767159127              李雪宁         0         0         0
     1767159128              贾利民         0         0         0
     1767159129              苏东民         0         0         0
     1767159130                赵杰         0         0         0
     1767159131              王振宇         0         0         0
     1767159132              杨杰鑫         0         0         0
     1767159133              撖昊原         0         0         0
     1767159134                郝跃         0         0         0
     1767159141                李燕         0         0         0
     1767159213              徐雄峰         0         0         0
     1767159214              刘志军         0         0         0
     1767159215              王旭晨         0         0         0
     1767159216                白彭         0         0         0
     1767159217              王嘉铭        10         0         0
     1767159218              蔡宏飞         0         0         0
     1767159219                韩帅         0         0         0
     1767159220              薛云利         0         0         0
     1767159221              贾立龙         0         0         0
     1767159222              李仕虎         0         0         0
     1767159223              李俊辉         0         0         0
     1767159224                张昕         0         0         0
     1767159225              韩贤枫         0         0         0
     1767159226              张宇东         0         0         0
     1767159227              张红岩         0         0         0
     1767159228              刘晓东         0         0         0
     1767159229                范强         0         0         0
     1767159230                裴龙         0         0         0
     1767159231              任瑞峰         0         0         0
     1767159232              郭宏远         0         0         0
     1767159233              贺志宇         0         0         0
     1767159240              孟倩倩         0         0         0
     1767159241              赵玲玲         0         0         0
     1767119110                高远         0         0         0
     1767119111              马宝良         0         0         0
     1767119112              乌日更         0         0         0
     1767119113                刘鑫         0         0         0
     1767119114                刘向         0         0         0
     1767119115              王鑫伟         0         0         0
     1767119116              赵天泽         0         0         0
     1767119117                吴昊         0         0         0
     1767119118              韩明扬         0         0         0
     1767119119                张鑫         0         0         0
     1767119120              高明威         0         0         0
     1767119121                王正         0         0         0
     1767119122              武宏宇         0         0         0
     1767119123                赵璐         0         0         0
     1767119124              安春雷         0         0         0
     1767119133                云彬         0         0         0
     1767119134              张景         0         0         0
     1767119135              张新禹         0         0         0
     1767119136              刘冬冬         0         0         0
     1767119137                孟雪         0         0         0
     1767119138              高建华         0         0         0
     1767119139                王婷         0         0         0
     1767119140              代婷婷         0         0         0
     1767119210                杨科         0         0         0
     1767119211              马寅秋         0         0         0
     1767119212              代春辉         0         0         0
     1767119213              马宗阳         0         0         0
     1767119214              尹嘉硕         0         0         0
     1767119215                孙宇         0         0         0
     1767119216                于淞         0         0         0
     1767119217              李纪研         0         0         0
     1767119218              王志强         0         0         0
     1767119219                李辉         0         0         0
     1767119220              杜文杰         0         0         0
     1767119221              张晓博         0         0         0
     1767119222              周晓阳         0         0         0
     1767119223                温启         0         0         0
     1767119224                冯琦         0         0         0
     1767119232              胡月英         0         0         0
     1767119233                王慧         0         0         0
     1767119234              赵雪妍         0         0         0
     1767119235              赵凤杰         0         0         0
     1767119236              孟玲慧         0         0         0
     1767119237              张先苇         0         0         0
     1767119238              武园园         0         0         0
     1767119239              王乐乐         0         0         0
     1767119240              马佳欣         0         0         0
     1767106109                郭琪         0         0         0
     1767106110              董红伟         0         0         0
     1767106111              李可慧         0         0         0
     1767106112              吴亚新         0         0         0
     1767106113              刘嘉兴         0         0         0
     1767106114              阮伟军         0         0         0
     1767106115              裴俊伟         0         0         0
     1767106116              连宗富         0         0         0
     1767106117                贺亮         0         0         0
     1767106118              卢瑞义         0         0         0
     1767106119                王琦         0         0         0
     1767106120                张欣         0         0         0
     1767106121                蒯政         0         0         0
     1767106122                甄焱         0         0         0
     1767106123              闫志浩         0         0         0
     1767106124                闫磊         0         0         0
     1767106125              邱建茹         0         0         0
     1767106126              石晓杰         0         0         0
     1767106127              魏新宇         0         0         0
     1767106128              田东东         0         0         0
     1767106129                何凯         0         0         0
     1767106130              刘大铭         0         0         0
     1767106139              马志敏         0         0         0
     1767106140              闫柳江         0         0         0
     1767106209              高利冬         0         0         0
     1767106210                张宇         0         0         0
     1767106211              樊松伟         0         0         0
     1767106212              韩佳琦         0         0         0
     1767106213              崔立新         0         0         0
     1767106214                王征         0         0         0
     1767106215              张鸿波         0         0         0
     1767106216              杨添翔         0         0         0
     1767106217                王浩         0         0         0
     1767106218                杨东         0         0         0
     1767106219                贾祯         0         0         0
     1767106220              林佳璐         0         0         0
     1767106221              庞树林         0         0         0
     1767106222              段泽浩         0         0         0
     1767106223                李浩         0         0         0
     1767106224                白羽         0         0         0
     1767106225              彭天宇         0         0         0
     1767106226              侯乾升         0         0         0
     1767106227              申毅民         0         0         0
     1767106228                张伟         0         0         0
     1767106229              张新钰         0         0         0
     1767106230              张曙晖         0         0         0
     1767106239              索静思         0         0         0
     1767106240              胡佳佳         0         0         0
     1767106308              赵鑫宇         0         0         0
     1767106309                岳林         0         0         0
     1767106310              姜宏扬         0         0         0
     1767106311              荀景柏         0         0         0
     1767106312              马绍焱         0         0         0
     1767106313              宋晓呈         0         0         0
     1767106314              朱永奇         0         0         0
     1767106315              卜艳磊         0         0         0
     1767106316                刘洋         0         0         0
     1767106317                董兴         0         0         0
     1767106318                李飞         0         0         0
     1767106319                刘鑫         0         0         0
     1767106320              刘思阳         0         0         0
     1767106321              李佳玮         0         0         0
     1767106322              耿鹏飞         0         0         0
     1767106323              马鹏飞         0         0         0
     1767106324                韩冰         0         0         0
     1767106325              白玉鑫         0         0         0
     1767106326              白文斌         0         0         0
     1767106327              赵浩程         0         0         0
     1767106328              胡卓勋         0         0         0
     1767106329              温辽杰         0         0         0
     1767106338                樊鸿         0         0         0
     1767106339              朱鸿涛         0         0         0
     1767112131                杨迪         0         0         0
     1767112142              寇月苹         0         0         0
     1767112243                杨敏         0         0         0
     1767130132              冯志鹏         0         0         0
     1767130231              冀瑞强         0         0         0
     1767118127              白传松         0         0         0
     1767118128              方纪义         0         0         0
     1767118225                刘猛         0         0         0
     1767118226              王建华         0         0         0
     1767111124                聂俊         0         0         0
     1767111224              付广旭         0         0         0
     1767111241                张洁         0         0         0
     1767165136              刘新宇         0         0         0
     1767165137              倪自聪         0         0         0
     1767165143              刘亚新         0         0         0
     1767165236              马翼飞         0         0         0
     1767165242                郝洋         0         0         0
     1767159135              刘继逍         0         0         0
     1767159136                杜华         0         0         0
     1767159234                李浩        70        10        20
     1767159235              孙荣圣         0         0         0
     1767119125              王鹏钧         0         0         0
     1767119126              董吉坤         0         0         0
     1767119225              黄燕坤         0         0         0
     1767106131              郑理想         0         0         0
     1767106132              高明正         0         0         0
     1767106133              王先坤         0         0         0
     1767106231                夏宁         0         0         0
     1767106232              张堪威         0         0         0
     1767106233              代雪原         0         0         0
     1767106330              马真浩         0         0         0
     1767106331                周浩         0         0         0
     1767106332              郝羽加         0         0         0
     1767112132              赵力捷         0         0         0
     1767112233              王仕通         0         0         0
     1767130133                王琦         0         0         0
     1767130232              高俊成         0         0         0
     1767118129                祁磊         0         0         0
     1767118227              刘佩璋         0         0         0
     1767118228              董海鹏         0         0         0
     1767111125              刘广杰         0         0         0
     1767111126              张雷红         0         0         0
     1767111142              田明艾         0         0         0
     1767111225              刘华凯         0         0         0
     1767165138              渠鹏辉         0         0         0
     1767165237              梁啸海         0         0         0
     1767159137                贾尧         0         0         0
     1767159138              车旭彪         0         0         0
     1767159236              赵炳森         0         0         0
     1767159237              贾利凯         0         0         0
     1767119127              闫志超         0         0         0
     1767119141                郝婷         0         0         0
     1767119226              薄雄峰         0         0         0
     1767106134              郑学臣         0         0         0
     1767106135              刘佳宇         0         0         0
     1767106234              白彬彬         0         0         0
     1767106235              弯世华         0         0         0
     1767106333              武晨阳         0         0         0
     1767106334                王笑         0         0         0
     1767106340                谢毓         0         0         0
     1767112133              崔杭杭         0         0         0
     1767112234              宋召龙         0         0         0
     1767106136              吴晨毅         0         0         0
     1767106335                董童         0         0         0
     1767130134              周志银         0         0         0
     1767130233              李鑫萍         0         0         0
     1767118130              李京奉         0         0         0
     1767118229              王纪伟         0         0         0
     1767111127              龚铃洁         0         0         0
     1767111226              张寅珩         0         0         0
     1767165139              刘兴禹         0         0         0
     1767165238              杜佳峰         0         0         0
     1767119128              徐铭鸿         0         0         0
     1767119227                唐骁         0         0         0
     1767118131              董超林         0         0         0
     1767118230                徐征         0         0         0
     1767159142              李海霞         0         0         0
     1767159238              张鑫涛         0         0         0
     1767165140                陈逸         0         0         0
     1767165239              殷嘉伟         0         0         0
     1767119228                魏楠         0         0         0
     1767119241              王娜娜         0         0         0
     1767106141                张宁         0         0         0
     1767106236              郝壮壮         0         0         0
     1767112134              刘馨泽         0         0         0
     1767112235              范士伟         0         0         0
     1767112236              赵福伟         0         0         0
     1767118132              陈华芳         0         0         0
     1767118231              吴红显         0         0         0
     1767111128              敖元津         0         0         0
     1767111227              彭煜坤         0         0         0
     1767119129                刘晃         0         0         0
     1767119229              顾发琛         0         0         0
     1767130234              陈俊霖         0         0         0
     1767118133              赵润辉         0         0         0
     1767118232              胡宇航         0         0         0
     1767111129              李江平         0         0         0
     1767111228              赵维豪         0         0         0
     1767159139                胡克         0         0         0
     1767159242              唐姗姗         0         0         0
     1767106241              金鑫妮         0         0         0
     1767106336                孔见         0         0         0
     1767112135                李进         0         0         0
     1767112136                曹冲         0         0         0
     1767112237              朱人杰         0         0         0
     1767130135              张远东         0         0         0
     1767130140              郭玉杰         0         0         0
     1767111229                李攀         0         0         0
     1767111242                张菊         0         0         0
     1767165141              高中华         0         0         0
     1767165240                陈正         0         0         0
     1767165241              赵林灯         0         0         0
     1767159140              周相国         0         0         0
     1767159239              谭祥敬         0         0         0
     1767119130              李金城         0         0         0
     1767119230                吴奕         0         0         0
     1767106137              廖国建         0         0         0
