     1767112101              000000
     1767112102              000000
     1767112202              000000
     1767130101              000000
     1767130201              000000
     1767118101              000000
     1767118102              000000
     1767118201              000000
     1767111101              000000
     1767111201              000000
     1767165101              000000
     1767165102              000000
     1767165201              000000
     1767159101              000000
     1767159201              000000
     1767119101              000000
     1767119102              000000
     1767119201              000000
     1767106101              000000
     1767106201              000000
     1767130102              000000
     1767130202              000000
     1767106102              000000
     1767106301              000000
     1767118134              000000
     1767118202              000000
     1767165103              000000
     1767165202              000000
     1767159102              000000
     1767159202              000000
 59602136937009              000000
     1767112203              000000
     1767112204              000000
     1767130103              000000
     1767130203              000000
     1767118103              000000
     1767118203              000000
     1767111102              000000
     1767111130              000000
     1767111202              000000
     1767165104              000000
     1767165203              000000
     1767165204              000000
     1767106202              000000
     1767106302              000000
     1767130104              000000
     1767130204              000000
     1767118135              000000
     1767118233              000000
     1767111103              000000
     1767111203              000000
     1767112104              000000
     1767112105              000000
     1767112205              000000
     1767112206              000000
     1767130105              000000
     1767130205              000000
     1767118104              000000
     1767118204              000000
     1767159103              000000
     1767159203              000000
     1767106103              000000
     1767106203              000000
     1767165105              000000
     1767165205              000000
     1767119103              000000
     1767119202              000000
     1767112106              000000
     1767112207              000000
     1767112238              000000
     1767130106              000000
     1767130206              000000
     1767118105              000000
     1767118106              000000
     1767118205              000000
     1767118234              000000
     1767111104              000000
     1767111131              000000
     1767111230              000000
     1767165106              000000
     1767165206              000000
     1767159104              000000
     1767159105              000000
     1767159204              000000
     1767119104              000000
     1767119131              000000
     1767119203              000000
     1767119204              000000
     1767106104              000000
     1767106105              000000
     1767106204              000000
     1767106205              000000
     1767106237              000000
     1767106303              000000
     1767106304              000000
     1767106305              000000
     1767106337              000000
     1767130107              000000
     1767130235              000000
     1767118107              000000
     1767118206              000000
     1767111105              000000
     1767111204              000000
     1767165107              000000
     1767165108              000000
     1767165109              000000
     1767165207              000000
     1767165208              000000
     1767159106              000000
     1767159205              000000
     1767159206              000000
     1767119105              000000
     1767119231              000000
     1767106106              000000
     1767106138              000000
     1767106206              000000
     1767106306              000000
     1767159107              000000
     1767159207              000000
     1767106107              000000
     1767106238              000000
     1767130136              000000
     1767130207              000000
     1767118108              000000
     1767118207              000000
     1767159108              000000
     1767159208              000000
     1767119106              000000
     1767119205              000000
     1767112107              000000
     1767112208              000000
     1767130108              000000
     1767130208              000000
     1767111106              000000
     1767111205              000000
     1767165110              000000
     1767165209              000000
     1767165210              000000
     1767159109              000000
     1767159110              000000
     1767159209              000000
     1767119107              000000
     1767119206              000000
     1767106207              000000
     1767106307              000000
     1767130109              000000
     1767130209              000000
     1767111132              000000
     1767111231              000000
     1767119132              000000
     1767119207              000000
     1767130110              000000
     1767130210              000000
     1767118208              000000
     1767111107              000000
     1767111206              000000
     1767111207              000000
     1767159111              000000
     1767159210              000000
     1767159211              000000
     1767119108              000000
     1767119208              000000
     1767112108              000000
     1767112109              000000
     1767112209              000000
     1767130111              000000
     1767130211              000000
     1767159112              000000
     1767159212              000000
     1767119109              000000
     1767119209              000000
     1767106108              000000
     1767106208              000000
     1767118136              000000
     1767118235              000000
     1767111108              000000
     1767111232              000000
     1767112110              000000
     1767112111              000000
     1767112112              000000
     1767112113              000000
     1767112114              000000
     1767112115              000000
     1767112116              000000
     1767112117              000000
     1767112118              000000
     1767112119              000000
     1767112120              000000
     1767112121              000000
     1767112122              000000
     1767112123              000000
     1767112124              000000
     1767112125              000000
     1767112126              000000
     1767112127              000000
     1767112128              000000
     1767112129              000000
     1767112130              000000
     1767112137              000000
     1767112138              000000
     1767112139              000000
     1767112140              000000
     1767112141              000000
     1767112201              000000
     1767112210              000000
     1767112211              000000
     1767112212              000000
     1767112213              000000
     1767112214              000000
     1767112215              000000
     1767112216              000000
     1767112217              000000
     1767112218              000000
     1767112219              000000
     1767112220              000000
     1767112221              000000
     1767112222              000000
     1767112223              000000
     1767112224              000000
     1767112225              000000
     1767112226              000000
     1767112227              000000
     1767112228              000000
     1767112229              000000
     1767112230              000000
     1767112231              000000
     1767112232              000000
     1767112239              000000
     1767112240              000000
     1767112241              000000
     1767112242              000000
     1767130112              000000
     1767130113              000000
     1767130114              000000
     1767130115              000000
     1767130116              000000
     1767130117              000000
     1767130118              000000
     1767130119              000000
     1767130120              000000
     1767130121              000000
     1767130122              000000
     1767130123              000000
     1767130124              000000
     1767130125              000000
     1767130126              000000
     1767130127              000000
     1767130128              000000
     1767130129              000000
     1767130130              000000
     1767130131              000000
     1767130137              000000
     1767130138              000000
     1767130139              000000
     1767130212              000000
     1767130213              000000
     1767130214              000000
     1767130215              000000
     1767130216              000000
     1767130217              000000
     1767130218              000000
     1767130219              000000
     1767130220              000000
     1767130221              000000
     1767130222              000000
     1767130223              000000
     1767130224              000000
     1767130225              000000
     1767130226              000000
     1767130227              000000
     1767130228              000000
     1767130229              000000
     1767130230              000000
     1767130236              000000
     1767130237              000000
     1767130238              000000
     1767130239              000000
     1767118109              000000
     1767118110              000000
     1767118111              000000
     1767118112              000000
     1767118113              000000
     1767118114              000000
     1767118115              000000
     1767118116              000000
     1767118117              000000
     1767118118              000000
     1767118119              000000
     1767118120              000000
     1767118121              000000
     1767118122              000000
     1767118123              000000
     1767118124              000000
     1767118125              000000
     1767118126              000000
     1767118137              000000
     1767118138              000000
     1767118139              000000
     1767118140              000000
     1767118141              000000
     1767118142              000000
     1767118209              000000
     1767118210              000000
     1767118211              000000
     1767118212              000000
     1767118213              000000
     1767118214              000000
     1767118215              000000
     1767118216              000000
     1767118217              000000
     1767118218              000000
     1767118219              000000
     1767118220              000000
     1767118221              000000
     1767118222              000000
     1767118223              000000
     1767118224              000000
     1767118236              000000
     1767118237              000000
     1767118238              000000
     1767118239              000000
     1767118240              000000
     1767111109              000000
     1767111110              000000
     1767111111              000000
     1767111112              000000
     1767111113              000000
     1767111114              000000
     1767111115              000000
     1767111116              000000
     1767111117              000000
     1767111118              000000
     1767111119              000000
     1767111120              000000
     1767111121              000000
     1767111122              000000
     1767111123              000000
     1767111133              000000
     1767111134              000000
     1767111135              000000
     1767111136              000000
     1767111137              000000
     1767111138              000000
     1767111139              000000
     1767111140              000000
     1767111141              000000
     1767111208              000000
     1767111209              000000
     1767111210              000000
     1767111211              000000
     1767111212              000000
     1767111213              000000
     1767111214              000000
     1767111215              000000
     1767111216              000000
     1767111217              000000
     1767111218              000000
     1767111219              000000
     1767111220              000000
     1767111221              000000
     1767111222              000000
     1767111223              000000
     1767111233              000000
     1767111234              000000
     1767111235              000000
     1767111236              000000
     1767111237              000000
     1767111238              000000
     1767111239              000000
     1767111240              000000
     1767165111              000000
     1767165112              000000
     1767165113              000000
     1767165114              000000
     1767165115              000000
     1767165116              000000
     1767165117              000000
     1767165118              000000
     1767165119              000000
     1767165120              000000
     1767165121              000000
     1767165122              000000
     1767165123              000000
     1767165124              000000
     1767165125              000000
     1767165126              000000
     1767165127              000000
     1767165128              000000
     1767165129              000000
     1767165130              000000
     1767165131              000000
     1767165132              000000
     1767165133              000000
     1767165134              000000
     1767165135              000000
     1767165142              000000
     1767165211              000000
     1767165212              000000
     1767165213              000000
     1767165214              000000
     1767165215              000000
     1767165216              000000
     1767165217              000000
     1767165218              000000
     1767165219              000000
     1767165220              000000
     1767165221              000000
     1767165222              000000
     1767165223              000000
     1767165224              000000
     1767165225              000000
     1767165226              000000
     1767165227              000000
     1767165228              000000
     1767165229              000000
     1767165230              000000
     1767165231              000000
     1767165232              000000
     1767165233              000000
     1767165234              000000
     1767165235              000000
     1767159113              000000
     1767159114              000000
     1767159115              000000
     1767159116              000000
     1767159117              000000
     1767159118              000000
     1767159119              000000
     1767159120              000000
     1767159121              000000
     1767159122              000000
     1767159123              000000
     1767159124              000000
     1767159125              000000
     1767159126              000000
     1767159127              000000
     1767159128              000000
     1767159129              000000
     1767159130              000000
     1767159131              000000
     1767159132              000000
     1767159133              000000
     1767159134              000000
     1767159141              000000
     1767159213              000000
     1767159214              000000
     1767159215              000000
     1767159216              000000
     1767159217              000000
     1767159218              000000
     1767159219              000000
     1767159220              000000
     1767159221              000000
     1767159222              000000
     1767159223              000000
     1767159224              000000
     1767159225              000000
     1767159226              000000
     1767159227              000000
     1767159228              000000
     1767159229              000000
     1767159230              000000
     1767159231              000000
     1767159232              000000
     1767159233              000000
     1767159240              000000
     1767159241              000000
     1767119110              000000
     1767119111              000000
     1767119112              000000
     1767119113              000000
     1767119114              000000
     1767119115              000000
     1767119116              000000
     1767119117              000000
     1767119118              000000
     1767119119              000000
     1767119120              000000
     1767119121              000000
     1767119122              000000
     1767119123              000000
     1767119124              000000
     1767119133              000000
     1767119134              000000
     1767119135              000000
     1767119136              000000
     1767119137              000000
     1767119138              000000
     1767119139              000000
     1767119140              000000
     1767119210              000000
     1767119211              000000
     1767119212              000000
     1767119213              000000
     1767119214              000000
     1767119215              000000
     1767119216              000000
     1767119217              000000
     1767119218              000000
     1767119219              000000
     1767119220              000000
     1767119221              000000
     1767119222              000000
     1767119223              000000
     1767119224              000000
     1767119232              000000
     1767119233              000000
     1767119234              000000
     1767119235              000000
     1767119236              000000
     1767119237              000000
     1767119238              000000
     1767119239              000000
     1767119240              000000
     1767106109              000000
     1767106110              000000
     1767106111              000000
     1767106112              000000
     1767106113              000000
     1767106114              000000
     1767106115              000000
     1767106116              000000
     1767106117              000000
     1767106118              000000
     1767106119              000000
     1767106120              000000
     1767106121              000000
     1767106122              000000
     1767106123              000000
     1767106124              000000
     1767106125              000000
     1767106126              000000
     1767106127              000000
     1767106128              000000
     1767106129              000000
     1767106130              000000
     1767106139              000000
     1767106140              000000
     1767106209              000000
     1767106210              000000
     1767106211              000000
     1767106212              000000
     1767106213              000000
     1767106214              000000
     1767106215              000000
     1767106216              000000
     1767106217              000000
     1767106218              000000
     1767106219              000000
     1767106220              000000
     1767106221              000000
     1767106222              000000
     1767106223              000000
     1767106224              000000
     1767106225              000000
     1767106226              000000
     1767106227              000000
     1767106228              000000
     1767106229              000000
     1767106230              000000
     1767106239              000000
     1767106240              000000
     1767106308              000000
     1767106309              000000
     1767106310              000000
     1767106311              000000
     1767106312              000000
     1767106313              000000
     1767106314              000000
     1767106315              000000
     1767106316              000000
     1767106317              000000
     1767106318              000000
     1767106319              000000
     1767106320              000000
     1767106321              000000
     1767106322              000000
     1767106323              000000
     1767106324              000000
     1767106325              000000
     1767106326              000000
     1767106327              000000
     1767106328              000000
     1767106329              000000
     1767106338              000000
     1767106339              000000
     1767112131              000000
     1767112142              000000
     1767112243              000000
     1767130132              000000
     1767130231              000000
     1767118127              000000
     1767118128              000000
     1767118225              000000
     1767118226              000000
     1767111124              000000
     1767111224              000000
     1767111241              000000
     1767165136              000000
     1767165137              000000
     1767165143              000000
     1767165236              000000
     1767165242              000000
     1767159135              000000
     1767159136              000000
     1767159234              000000
     1767159235              000000
     1767119125              000000
     1767119126              000000
     1767119225              000000
     1767106131              000000
     1767106132              000000
     1767106133              000000
     1767106231              000000
     1767106232              000000
     1767106233              000000
     1767106330              000000
     1767106331              000000
     1767106332              000000
     1767112132              000000
     1767112233              000000
     1767130133              000000
     1767130232              000000
     1767118129              000000
     1767118227              000000
     1767118228              000000
     1767111125              000000
     1767111126              000000
     1767111142              000000
     1767111225              000000
     1767165138              000000
     1767165237              000000
     1767159137              000000
     1767159138              000000
     1767159236              000000
     1767159237              000000
     1767119127              000000
     1767119141              000000
     1767119226              000000
     1767106134              000000
     1767106135              000000
     1767106234              000000
     1767106235              000000
     1767106333              000000
     1767106334              000000
     1767106340              000000
     1767112133              000000
     1767112234              000000
     1767106136              000000
     1767106335              000000
     1767130134              000000
     1767130233              000000
     1767118130              000000
     1767118229              000000
     1767111127              000000
     1767111226              000000
     1767165139              000000
     1767165238              000000
     1767119128              000000
     1767119227              000000
     1767118131              000000
     1767118230              000000
     1767159142              000000
     1767159238              000000
     1767165140              000000
     1767165239              000000
     1767119228              000000
     1767119241              000000
     1767106141              000000
     1767106236              000000
     1767112134              000000
     1767112235              000000
     1767112236              000000
     1767118132              000000
     1767118231              000000
     1767111128              000000
     1767111227              000000
     1767119129              000000
     1767119229              000000
     1767130234              000000
     1767118133              000000
     1767118232              000000
     1767111129              000000
     1767111228              000000
     1767159139              000000
     1767159242              000000
     1767106241              000000
     1767106336              000000
     1767112135              000000
     1767112136              000000
     1767112237              000000
     1767130135              000000
     1767130140              000000
     1767111229              000000
     1767111242              000000
     1767165141              000000
     1767165240              000000
     1767165241              000000
     1767159140              000000
     1767159239              000000
     1767119130              000000
     1767119230              000000
     1767106137              000000
